Iteration 1
-----------------
[[8. 5. 0.]]
[[8. 5. 0.]]
[[8. 5. 0.]]
[[ 8.  3. -3.]]
[[ 8.  3. -3.]]
[[  6.  -4. -11.]]
Iteration 2
-----------------
[[  6.  -4. -11.]]
[[15.  3. -8.]]
[[15.  3. -8.]]
[[15.  3. -8.]]
[[15.  3. -8.]]
[[15.  3. -8.]]
Iteration 3
-----------------
[[15.  3. -8.]]
[[15.  3. -8.]]
[[15.  3. -8.]]
[[15.  3. -8.]]
[[15.  3. -8.]]
[[15.  3. -8.]]
Iteration 4
-----------------
[[15.  3. -8.]]
[[15.  3. -8.]]
[[15.  3. -8.]]
[[15.  3. -8.]]
[[15.  3. -8.]]
[[15.  3. -8.]]
Iteration 5
-----------------
[[15.  3. -8.]]
[[15.  3. -8.]]
[[15.  3. -8.]]
[[15.  3. -8.]]
[[15.  3. -8.]]
[[15.  3. -8.]]
Iteration 6
-----------------
[[15.  3. -8.]]
[[15.  3. -8.]]
[[15.  3. -8.]]
[[15.  3. -8.]]
[[15.  3. -8.]]
[[15.  3. -8.]]
Iteration 7
-----------------
[[15.  3. -8.]]
[[15.  3. -8.]]
[[15.  3. -8.]]
[[15.  3. -8.]]
[[15.  3. -8.]]
[[15.  3. -8.]]
Iteration 8
-----------------
[[15.  3. -8.]]
[[15.  3. -8.]]
[[15.  3. -8.]]
[[15.  3. -8.]]
[[15.  3. -8.]]
[[15.  3. -8.]]
Iteration 9
-----------------
[[15.  3. -8.]]
[[15.  3. -8.]]
[[15.  3. -8.]]
[[15.  3. -8.]]
[[15.  3. -8.]]
[[15.  3. -8.]]
Iteration 10
-----------------
[[15.  3. -8.]]
[[15.  3. -8.]]
[[15.  3. -8.]]
[[15.  3. -8.]]
[[15.  3. -8.]]
[[15.  3. -8.]]
Iteration 11
-----------------
[[15.  3. -8.]]
[[15.  3. -8.]]
[[15.  3. -8.]]
[[15.  3. -8.]]
[[15.  3. -8.]]
[[15.  3. -8.]]
Iteration 12
-----------------
[[15.  3. -8.]]
[[15.  3. -8.]]
[[15.  3. -8.]]
[[15.  3. -8.]]
[[15.  3. -8.]]
[[15.  3. -8.]]
Iteration 13
-----------------
[[15.  3. -8.]]
[[15.  3. -8.]]
[[15.  3. -8.]]
[[15.  3. -8.]]
[[15.  3. -8.]]
[[15.  3. -8.]]
Iteration 14
-----------------
[[15.  3. -8.]]
[[15.  3. -8.]]
[[15.  3. -8.]]
[[15.  3. -8.]]
[[15.  3. -8.]]
[[15.  3. -8.]]
