Iteration 1
-----------------
[[5.6 3.5 0. ]]
[[5.6 3.5 0. ]]
[[5.6 3.5 0. ]]
[[ 5.6         3.47954627 -0.03068059]]
[[ 5.59997066  3.4795316  -0.03087127]]
[[ 5.59997066  3.4795316  -0.03087127]]
Iteration 2
-----------------
[[ 5.59997066  3.4795316  -0.03087127]]
[[ 5.59997066  3.4795316  -0.03087127]]
[[ 5.59997066  3.4795316  -0.03087127]]
[[ 5.59997066  3.45648177 -0.06544602]]
[[ 5.59992568  3.45645928 -0.06573843]]
[[ 5.59992568  3.45645928 -0.06573843]]
Iteration 3
-----------------
[[ 5.59992568  3.45645928 -0.06573843]]
[[ 5.59992568  3.45645928 -0.06573843]]
[[ 5.59992568  3.45645928 -0.06573843]]
[[ 5.59992568  3.43008394 -0.10530143]]
[[ 5.59985224  3.43004722 -0.1057788 ]]
[[ 5.59985224  3.43004722 -0.1057788 ]]
Iteration 4
-----------------
[[ 5.59985224  3.43004722 -0.1057788 ]]
[[ 5.59985224  3.43004722 -0.1057788 ]]
[[ 5.59985224  3.43004722 -0.1057788 ]]
[[ 5.59985224  3.39926662 -0.15194971]]
[[ 5.5997219   3.39920145 -0.15279691]]
[[ 5.5997219   3.39920145 -0.15279691]]
Iteration 5
-----------------
[[ 5.5997219   3.39920145 -0.15279691]]
[[ 5.5997219   3.39920145 -0.15279691]]
[[ 5.5997219   3.39920145 -0.15279691]]
[[ 5.5997219   3.36232043 -0.20811843]]
[[ 5.59946188  3.36219042 -0.20980855]]
[[ 5.59946188  3.36219042 -0.20980855]]
Iteration 6
-----------------
[[ 5.59946188  3.36219042 -0.20980855]]
[[ 5.59946188  3.36219042 -0.20980855]]
[[ 5.59946188  3.36219042 -0.20980855]]
[[ 5.59946188  3.31632116 -0.27861244]]
[[ 5.59884338  3.31601191 -0.28263272]]
[[ 5.59884338  3.31601191 -0.28263272]]
Iteration 7
-----------------
[[ 5.59884338  3.31601191 -0.28263272]]
[[ 5.59884338  3.31601191 -0.28263272]]
[[ 5.59884338  3.31601191 -0.28263272]]
[[ 5.59884338  3.25557829 -0.37328314]]
[[ 5.59686434  3.25458877 -0.38614691]]
[[ 5.59686434  3.25458877 -0.38614691]]
Iteration 8
-----------------
[[ 5.59686434  3.25458877 -0.38614691]]
[[ 5.59686434  3.25458877 -0.38614691]]
[[ 5.59686434  3.25458877 -0.38614691]]
[[ 5.59686434  3.16601832 -0.51900259]]
[[ 5.58505306  3.16011268 -0.59577591]]
[[ 5.58505306  3.16011268 -0.59577591]]
Iteration 9
-----------------
[[ 5.58505306  3.16011268 -0.59577591]]
[[ 5.58505306  3.16011268 -0.59577591]]
[[ 5.58505306  3.16011268 -0.59577591]]
[[ 5.58505306  2.97997107 -0.86598833]]
[[ 4.91567327  2.64528118 -5.21695692]]
[[ 4.91567327  2.64528118 -5.21695692]]
Iteration 10
-----------------
[[ 4.91567327  2.64528118 -5.21695692]]
[[ 4.91567327  2.64528118 -5.21695692]]
[[ 4.91567327  2.64528118 -5.21695692]]
[[ 4.91567327  2.64528109 -5.21695706]]
[[ 4.91567327  2.64528109 -5.21695706]]
[[ 4.91567327  2.64528108 -5.21695706]]
Iteration 11
-----------------
[[ 4.91567327  2.64528108 -5.21695706]]
[[ 4.91567327  2.64528108 -5.21695706]]
[[ 4.91567327  2.64528108 -5.21695706]]
[[ 4.91567327  2.645281   -5.21695719]]
[[ 4.91567327  2.645281   -5.21695719]]
[[ 4.91567327  2.64528099 -5.21695719]]
Iteration 12
-----------------
[[ 4.91567327  2.64528099 -5.21695719]]
[[ 4.91567327  2.64528099 -5.21695719]]
[[ 4.91567327  2.64528099 -5.21695719]]
[[ 4.91567327  2.64528091 -5.21695733]]
[[ 4.91567327  2.64528091 -5.21695733]]
[[ 4.91567327  2.6452809  -5.21695733]]
